time,retire,frontend,backend,speculate,
 1.0,33.1,45.0,16.4, 5.5,
 2.0,22.6,63.4,11.2, 2.9,
 3.0,33.8,41.6,20.4, 4.3,
 4.0,37.8,40.4,21.4, 0.4,
 5.0,41.5,47.1,11.1, 0.2,
 6.0,41.7,47.3,10.8, 0.2,
 7.0,41.6,47.3,10.9, 0.2,
 8.0,41.4,47.2,11.2, 0.2,
 9.0,41.4,47.9,10.4, 0.2,
10.0,41.6,47.5,10.7, 0.2,
11.0,21.2,34.4,42.1, 2.3,
12.0,10.5,19.2,69.6, 0.7,
13.0,12.8,12.1,74.4, 0.7,
14.0,12.6,12.6,74.2, 0.6,
15.0,12.6,12.7,74.1, 0.6,
16.0,12.6,12.4,74.4, 0.6,
17.0,12.8,11.9,74.8, 0.6,
18.0,12.8,12.1,74.5, 0.6,
19.0,12.6,12.7,74.0, 0.6,
20.0,13.1,11.4,74.7, 0.8,
21.0,12.8,12.0,74.5, 0.7,
22.0,12.8,12.2,74.5, 0.6,
23.0,13.4,10.8,75.1, 0.7,
24.0,21.9, 8.0,68.5, 1.6,
25.0,70.2, 5.8,15.9, 8.2,
26.0,73.2, 6.0,10.9, 9.8,
27.0,72.5, 6.0,11.6, 9.9,
28.0,72.4, 6.2,11.2,10.3,
29.0,72.9, 6.1,10.8,10.2,
30.0,72.9, 5.9,11.4, 9.8,
31.0,72.9, 5.8,11.7, 9.6,
32.0,73.2, 5.7,11.9, 9.2,
33.0,73.8, 5.7,11.2, 9.2,
34.0,73.3, 5.9,11.1, 9.6,
35.0,72.7, 5.8,11.9, 9.5,
36.0,73.5, 5.8,11.2, 9.5,
37.0,73.0, 5.9,11.6, 9.6,
38.0,72.7, 5.8,12.0, 9.5,
39.0,73.1, 5.8,11.6, 9.4,
40.0,73.0, 5.8,11.8, 9.4,
41.0,73.7, 5.8,11.1, 9.4,
42.0,73.5, 5.8,11.2, 9.4,
43.0,73.7, 5.6,11.7, 9.0,
44.0,74.5, 5.4,11.7, 8.5,
45.0,74.9, 5.3,11.4, 8.3,
46.0,74.7, 5.4,11.5, 8.4,
47.0,74.5, 5.5,11.4, 8.6,
48.0,74.1, 5.4,11.9, 8.6,
49.0,73.7, 5.6,11.8, 8.9,
50.0,74.2, 5.5,11.6, 8.7,
51.0,74.8, 5.5,10.9, 8.8,
52.0,74.6, 5.5,11.1, 8.8,
53.0,74.4, 5.6,11.1, 8.9,
54.0,74.5, 5.6,11.0, 8.9,
55.0,74.1, 5.6,11.3, 8.9,
56.0,73.7, 5.6,11.6, 9.1,
57.0,73.8, 5.7,11.3, 9.2,
58.0,75.3, 5.2,11.6, 7.9,
59.0,76.7, 4.9,11.4, 7.1,
60.0,76.4, 5.1,11.0, 7.5,
61.0,75.4, 5.3,11.1, 8.2,
62.0,74.5, 5.4,11.7, 8.4,
63.0,74.8, 5.5,11.1, 8.6,
64.0,74.4, 5.6,11.3, 8.8,
65.0,74.2, 5.6,11.2, 8.9,
66.0,74.1, 5.8,10.9, 9.2,
67.0,73.7, 5.8,11.2, 9.3,
68.0,73.4, 5.9,11.2, 9.6,
69.0,73.1, 5.9,11.3, 9.7,
70.0,72.5, 5.9,12.0, 9.6,
71.0,73.1, 6.0,11.2, 9.8,
72.0,72.7, 6.0,11.3, 9.9,
73.0,73.3, 5.8,11.3, 9.5,
74.0,73.3, 5.9,11.3, 9.6,
75.0,71.0, 6.4,11.6,10.9,
76.0,69.6, 6.5,12.6,11.3,
77.0,68.5, 7.0,12.1,12.4,
78.0,67.8, 7.3,11.7,13.2,
79.0,67.6, 7.4,11.7,13.4,
80.0,66.6, 7.4,12.7,13.4,
81.0,67.4, 7.4,11.8,13.4,
82.0,67.7, 7.4,11.6,13.3,
83.0,67.3, 7.2,12.7,12.8,
84.0,67.8, 7.2,12.2,12.8,
85.0,68.0, 7.1,12.2,12.7,
86.0,67.9, 7.2,12.1,12.9,
87.0,67.5, 7.4,11.6,13.5,
88.0,67.5, 7.3,12.1,13.1,
89.0,68.2, 7.0,12.4,12.4,
90.0,69.1, 6.9,11.9,12.1,
91.0,70.2, 6.5,12.3,11.1,
92.0,72.9, 6.0,11.3, 9.9,
93.0,72.4, 6.1,11.2,10.2,
94.0,71.4, 6.4,11.3,10.9,
95.0,72.3, 6.3,10.7,10.7,
96.0,73.9, 5.8,10.7, 9.6,
97.0,75.0, 5.5,10.6, 8.9,
98.0,75.0, 5.6,10.3, 9.0,
99.0,73.7, 5.8,10.9, 9.6,
100.0,73.4, 6.0,10.7, 9.9,
101.0,73.4, 6.0,10.6,10.0,
102.0,72.6, 6.1,11.1,10.2,
103.0,72.1, 6.3,11.0,10.6,
104.0,71.7, 6.3,11.3,10.7,
105.0,71.1, 6.5,11.3,11.1,
106.0,70.9, 6.8,10.4,11.9,
107.0,70.5, 6.6,11.4,11.5,
108.0,70.3, 6.7,11.2,11.7,
109.0,68.7, 7.2,11.3,12.8,
110.0,67.2, 7.5,11.6,13.6,
111.0,67.4, 7.6,11.1,13.9,
112.0,64.4, 9.0,13.9,12.7,
113.0,49.8,11.2,30.7, 8.3,
114.0,48.4,12.9,26.3,12.3,
115.0,31.7,43.4,23.7, 1.2,
116.0,41.6,46.5,11.6, 0.2,
117.0,41.9,46.9,10.9, 0.2,
118.0,41.7,46.8,11.2, 0.2,
119.0,41.8,46.8,11.3, 0.2,
120.0,41.5,47.4,10.9, 0.3,
121.0,41.7,46.7,11.4, 0.2,
122.0,22.9,35.6,39.3, 2.3,
123.0,10.7,20.4,68.1, 0.8,
124.0,12.7,12.5,74.1, 0.7,
125.0,12.8,12.3,74.3, 0.6,
126.0,12.8,12.1,74.6, 0.6,
127.0,12.8,12.2,74.5, 0.6,
128.0,12.8,12.0,74.6, 0.6,
129.0,12.7,12.2,74.6, 0.6,
130.0,12.8,11.6,74.9, 0.6,
131.0,12.6,12.4,74.2, 0.8,
132.0,12.7,12.3,74.3, 0.7,
133.0,12.7,12.5,74.2, 0.6,
134.0,13.7,11.0,74.6, 0.7,
135.0,21.9, 7.5,68.9, 1.7,
136.0,66.9, 6.3,19.4, 7.4,
137.0,72.6, 6.0,11.5, 9.9,
138.0,73.1, 6.0,11.0,10.0,
139.0,71.8, 6.1,11.9,10.2,
140.0,72.4, 6.1,11.4,10.2,
141.0,72.4, 5.9,11.8, 9.8,
142.0,73.4, 5.9,11.1, 9.7,
143.0,73.9, 5.8,10.9, 9.4,
144.0,73.7, 5.7,11.2, 9.4,
145.0,72.4, 5.8,12.2, 9.6,
146.0,73.4, 5.9,10.9, 9.7,
147.0,73.2, 5.8,11.5, 9.5,
148.0,72.9, 5.9,11.6, 9.6,
149.0,72.9, 5.9,11.6, 9.6,
150.0,72.9, 5.8,11.8, 9.6,
151.0,73.6, 5.8,11.1, 9.5,
152.0,73.4, 5.8,11.4, 9.5,
153.0,73.3, 5.8,11.4, 9.5,
154.0,73.9, 5.7,11.3, 9.1,
155.0,74.5, 5.4,11.5, 8.6,
156.0,74.4, 5.3,12.0, 8.3,
157.0,74.6, 5.4,11.6, 8.5,
158.0,74.2, 5.4,11.8, 8.6,
159.0,74.7, 5.5,11.2, 8.7,
160.0,73.9, 5.6,11.5, 9.0,
161.0,74.0, 5.5,11.7, 8.8,
162.0,74.4, 5.5,11.4, 8.7,
163.0,74.3, 5.5,11.3, 8.8,
164.0,73.9, 5.6,11.7, 8.9,
165.0,74.3, 5.6,11.3, 8.9,
166.0,74.2, 5.6,11.2, 9.0,
167.0,73.7, 5.7,11.5, 9.2,
168.0,73.6, 5.7,11.4, 9.3,
169.0,75.4, 5.3,11.2, 8.1,
170.0,76.2, 4.8,11.9, 7.1,
171.0,76.4, 5.0,11.1, 7.5,
172.0,75.3, 5.3,11.3, 8.2,
173.0,74.8, 5.4,11.3, 8.5,
174.0,73.8, 5.4,12.3, 8.5,
175.0,74.0, 5.5,11.7, 8.7,
176.0,73.7, 5.6,11.8, 8.9,
177.0,73.4, 5.7,11.7, 9.2,
178.0,73.6, 5.7,11.4, 9.3,
179.0,73.0, 5.8,11.7, 9.5,
180.0,72.6, 5.9,11.8, 9.7,
181.0,73.2, 5.9,11.3, 9.7,
182.0,72.5, 5.9,11.9, 9.7,
183.0,72.1, 6.0,12.0, 9.9,
184.0,72.3, 5.7,12.6, 9.4,
185.0,72.3, 5.7,12.6, 9.4,
186.0,70.7, 6.3,12.4,10.6,
187.0,69.6, 6.4,12.9,11.1,
188.0,68.1, 6.9,12.9,12.2,
189.0,67.7, 7.2,12.0,13.0,
190.0,67.1, 7.3,12.3,13.2,
191.0,67.1, 7.4,12.1,13.4,
192.0,67.5, 7.4,11.7,13.4,
193.0,67.2, 7.3,12.3,13.2,
194.0,68.2, 7.3,11.5,13.0,
195.0,68.2, 7.2,11.6,12.9,
196.0,68.3, 7.1,11.9,12.7,
197.0,68.2, 7.2,11.8,12.8,
198.0,67.5, 7.4,11.6,13.4,
199.0,68.0, 7.4,11.4,13.2,
200.0,68.6, 7.0,11.8,12.5,
201.0,69.2, 7.0,11.4,12.3,
202.0,71.0, 6.6,11.0,11.3,
203.0,72.9, 6.0,11.2, 9.9,
204.0,72.4, 6.1,11.3,10.2,
205.0,71.8, 6.4,10.9,10.9,
206.0,71.8, 6.3,11.1,10.7,
207.0,73.3, 5.8,11.2, 9.6,
208.0,74.7, 5.5,10.9, 8.8,
209.0,74.2, 5.6,11.3, 8.9,
210.0,73.6, 5.8,11.1, 9.5,
211.0,72.9, 6.0,11.3, 9.9,
212.0,72.7, 5.9,11.6, 9.8,
213.0,72.5, 6.1,11.3,10.1,
214.0,71.7, 6.2,11.5,10.6,
215.0,71.5, 6.2,11.8,10.5,
216.0,71.1, 6.5,11.4,11.1,
217.0,69.7, 6.8,11.7,11.9,
218.0,70.8, 6.5,11.3,11.3,
219.0,70.6, 6.7,11.0,11.6,
220.0,68.6, 7.1,11.6,12.7,
221.0,67.2, 7.5,11.8,13.6,
222.0,66.8, 7.6,11.9,13.8,
223.0,67.1, 7.5,12.2,13.3,
224.0,50.3,10.5,29.6, 9.6,
225.0,42.7,13.4,31.9,12.0,
226.0,31.5,43.3,24.0, 1.3,
227.0,41.4,46.6,11.8, 0.2,
228.0,41.6,46.9,11.3, 0.2,
229.1,41.6,46.7,11.5, 0.2,
230.1,41.8,47.1,10.9, 0.2,
231.1,41.0,46.8,12.0, 0.3,
232.1,41.9,47.2,10.7, 0.2,
233.1,23.9,35.8,38.1, 2.3,
234.1,10.5,21.1,67.7, 0.8,
235.1,12.3,13.6,73.4, 0.6,
236.1,12.5,12.9,74.0, 0.6,
237.1,12.4,13.4,73.5, 0.6,
238.1,12.6,12.7,74.2, 0.6,
239.1,12.6,12.5,74.3, 0.5,
240.1,12.7,12.4,74.3, 0.6,
241.1,12.7,12.3,74.4, 0.6,
242.1,12.6,12.9,73.8, 0.7,
243.1,12.7,12.3,74.3, 0.7,
244.1,12.5,13.1,73.8, 0.6,
245.1,12.8,11.6,75.0, 0.6,
246.1,17.1, 7.1,74.8, 1.1,
247.1,56.6, 5.6,32.1, 5.7,
248.1,72.7, 6.0,11.5, 9.8,
249.1,72.2, 6.0,12.0, 9.8,
250.1,72.2, 6.1,11.4,10.2,
251.1,71.8, 6.1,12.0,10.1,
252.1,72.3, 6.0,11.8, 9.9,
253.1,72.9, 5.9,11.6, 9.6,
254.1,72.7, 5.7,12.3, 9.3,
255.1,73.6, 5.7,11.4, 9.2,
256.1,72.7, 5.8,12.1, 9.5,
257.1,72.8, 5.9,11.6, 9.7,
258.1,73.2, 5.8,11.5, 9.5,
259.1,72.7, 5.8,11.9, 9.5,
260.1,73.1, 5.9,11.3, 9.6,
261.1,72.0, 5.8,12.7, 9.5,
262.1,73.3, 5.8,11.5, 9.4,
263.1,72.9, 5.8,11.9, 9.4,
264.1,73.2, 5.9,11.4, 9.5,
265.1,73.0, 5.7,12.1, 9.2,
266.1,74.7, 5.5,11.1, 8.7,
267.1,74.9, 5.4,11.3, 8.4,
268.1,75.3, 5.5,10.7, 8.6,
269.1,74.9, 5.5,10.9, 8.7,
270.1,74.7, 5.5,11.3, 8.6,
271.1,74.4, 5.7,10.9, 9.1,
272.1,74.6, 5.6,10.9, 8.9,
273.1,74.7, 5.5,11.0, 8.8,
274.1,74.7, 5.6,10.8, 8.8,
275.1,73.4, 5.5,12.2, 8.8,
276.1,74.2, 5.6,11.3, 8.9,
277.1,74.4, 5.6,11.0, 9.0,
278.1,74.0, 5.7,11.2, 9.1,
279.1,73.2, 5.8,11.6, 9.4,
280.1,74.9, 5.5,11.0, 8.7,
281.1,76.7, 4.9,11.4, 7.1,
282.1,76.8, 5.0,10.8, 7.4,
283.1,75.2, 5.2,11.5, 8.0,
284.1,74.9, 5.4,11.3, 8.4,
285.1,75.1, 5.5,10.7, 8.7,
286.1,74.5, 5.6,11.2, 8.7,
287.1,73.8, 5.6,11.8, 8.9,
288.1,73.1, 5.7,12.1, 9.1,
289.1,73.0, 5.7,12.1, 9.2,
290.1,72.9, 5.8,11.9, 9.4,
291.1,72.0, 5.9,12.5, 9.6,
292.1,73.0, 5.9,11.4, 9.7,
293.1,72.7, 5.9,11.8, 9.6,
294.1,72.7, 6.0,11.3,10.0,
295.1,73.0, 5.9,11.3, 9.7,
296.1,73.5, 5.7,11.5, 9.3,
297.1,71.2, 6.3,11.9,10.7,
298.1,70.8, 6.5,11.6,11.2,
299.1,68.9, 6.9,12.0,12.2,
300.1,67.6, 7.3,12.0,13.1,
301.1,67.6, 7.4,11.6,13.4,
302.1,66.8, 7.5,12.1,13.6,
303.1,67.7, 7.5,11.2,13.6,
304.1,66.9, 7.4,12.4,13.4,
305.1,67.6, 7.3,12.0,13.1,
306.1,68.1, 7.3,11.5,13.1,
307.1,68.4, 7.2,11.5,12.9,
308.1,68.4, 7.2,11.6,12.9,
309.1,67.4, 7.4,11.7,13.5,
310.1,67.2, 7.4,11.9,13.4,
311.1,68.3, 7.2,11.7,12.8,
312.1,69.1, 7.1,11.3,12.5,
313.1,70.0, 6.8,11.4,11.8,
314.1,73.0, 6.1,10.5,10.3,
315.1,72.7, 6.1,11.1,10.1,
316.1,72.0, 6.4,10.6,11.0,
317.1,71.8, 6.5,10.7,11.1,
318.1,73.2, 6.0,10.8,10.0,
319.1,74.4, 5.6,11.0, 9.0,
320.1,74.6, 5.6,10.8, 9.0,
321.1,74.0, 5.8,10.7, 9.5,
322.1,73.2, 6.0,10.8,10.0,
323.1,72.8, 6.0,11.2,10.0,
324.1,72.9, 6.1,10.8,10.2,
325.1,72.0, 6.3,10.9,10.8,
326.1,71.8, 6.3,11.0,10.8,
327.1,71.1, 6.4,11.5,11.0,
328.1,70.2, 6.8,11.0,12.0,
329.1,70.4, 6.6,11.4,11.6,
330.1,70.7, 6.7,11.0,11.7,
331.1,69.2, 7.1,11.0,12.7,
332.1,67.5, 7.5,11.3,13.7,
333.1,66.7, 7.6,11.6,14.1,
334.1,66.8, 7.6,11.7,13.9,
335.1,52.5, 9.7,28.6, 9.2,
336.1,49.1,12.8,27.2,10.9,
337.1,30.4,39.3,26.1, 4.2,
338.1,42.6,34.8,18.7, 3.9,
339.1,41.8,31.6,22.5, 4.1,
339.7,29.7,33.1,32.6, 4.5,
